app_id=2021001153612279&biz_content=%257B%2522body%2522%253A%2522%25E6%259C%2588%25E5%258D%25A1VIP%2522%252C%2522out_trade_no%2522%253A%2522d1e649b66a0e436f86040709db20d90e%2522%252C%2522product_code%2522%253A%25221%2522%252C%2522subject%2522%253A%2522%25E6%259C%2588%25E5%258D%25A1VIP%2522%252C%2522timeout_express%2522%253A%252230m%2522%252C%2522total_amount%2522%253A%25220.01%2522%257D&charset=utf-8&format=JSON&method=alipay.trade.app.pay&notify_url=https%253A%252F%252Ftest.fangdinghui.cn%253A1113%252Fapi%252Fv1.0%252Forder%252Fordernotify%252F&return_url=https%253A%252F%252Ftest.fangdinghui.cn%253A1113%252Fapi%252Fvi%252Fpay%252Freturn&sign_type=RSA2&timestamp=2020-06-15%2B14%253A10%253A28&version=1.0&sign=iCiqhTxq8iT1fEVYuMIYDztHN%2FKhEcPa%2BsHWJQJ2aYgsFRDzg5Vb6Sbf3yhGnfsuQ2Zdfj5iAtE9jVQUQ4rtkgSix5lAy087efxd%2BIIG9gVaCUgmbx%2FGwTJTRgxKX7vGfjXbdMzkNhfEW%2BIM%2B1jPizAP6tFASchFKjsY8JHPsR9z4qlMR1idexwPNsc1Uv3u0UQD%2FvRSzFyLiG4z%2FU5GGCu5zlbx98LoHPnDn0ezncHoD9HzaEY7OORn0AGinZj4NHK3Mrg1ok%2FzTQC4KUSkwt4oPX0ccgd%2FHDW9%2FHxixs58RV90RZ0RFIUCo8uBEp%2B3DVDmjVYk5MP1Ts0ECUOquA%3D%3D
